1000585DF176F5A1FC1EC5FE482AB1FC75027DF2AD9F0D0561F89773
56 chars

1 16	2	WORD parity;	-4, 4,
2 16	2	WORD seed;		-46, 20
3 32	4	DWORD system;	100, 0, 0, 0
4 32	4	float x;		0  , 0, -128, 63
5 32	4	float y;		0, 0, 0, 64
6 32	4	float z;		0, 0, 64  , 64
7 32	4	DWORD time;		-65, 27, 0, 0
8 32	4	float accuracy;	0, 80, -61, 70

28 bytes

Tau-37 14315.165.-2360
196649
5f026735-30f79688-319b6b76-e2504022-22b927a1-02662068-35337726

cpp		FC00B166-0174636F-6465804C-65637225-74632F24-DA1B7365-6322A632
java	FC00B166-0174636F-6465804C-65637225-74632F24-DA1B7365-6322A632

24 [52, 53, 99, 52] 45c4
169 [97, 53, 45, 51] a5-3
208 [57, 51, 53, 51] 9353
209 [51, 53, 51, 51] 3533
232 [45, 53, 52, 53] -545
100 [53, 45, 51, 57] 5-39
213 [56, 45, 52, 53] 8-45
120 [101, 97, 48, 56] ea08
166 [99, 52, 97, 97] c4aa
31 [45, 51, 57, 51] -393
16 [97, 48, 56, 52] a084
132 [52, 97, 97, 53] 4aa5
215 [52, 53, 57, 51] 4593
48 [0, 56, 101, 97] 8ea
209 [51, 53, 51, 51] 3533
22 [45, 53, 52, 53] -545
60 [53, 99, 52, 97] 5c4a

